calib_time: 09-Mar-2010 16:52:08
corner_dist: 1.000000e-01
roi: 2.600000e+01 1.369000e+03 7.000000e+01 4.410000e+02
K1: 8.941981e+02 0.000000e+00 6.601406e+02 0.000000e+00 8.927151e+02 2.611004e+02 0.000000e+00 0.000000e+00 1.000000e+00
D1: -3.695739e-01 1.726456e-01 -1.281525e-03 1.188796e-03 -4.284730e-02
R1: 9.999122e-01 7.482788e-04 -1.323067e-02 -9.196597e-04 9.999157e-01 -1.295197e-02 1.321986e-02 1.296300e-02 9.998286e-01
K2: 8.800704e+02 0.000000e+00 6.635881e+02 0.000000e+00 8.798504e+02 2.690108e+02 0.000000e+00 0.000000e+00 1.000000e+00
D2: -3.753454e-01 1.843265e-01 -1.307069e-03 2.190397e-03 -4.989103e-02
R2: 9.996560e-01 -1.479808e-02 -2.165190e-02 1.507742e-02 9.998045e-01 1.279563e-02 2.145832e-02 -1.311768e-02 9.996837e-01
R: 9.998381e-01 1.610234e-02 8.033237e-03 -1.588968e-02 9.995390e-01 -2.586908e-02 -8.446087e-03 2.573724e-02 9.996331e-01
T: -5.706425e-01 8.447320e-03 1.235975e-02
P1: 6.452401e+02 0.000000e+00 6.619587e+02 0.000000e+00 0.000000e+00 6.452401e+02 2.641291e+02 0.000000e+00 0.000000e+00 0.000000e+00 1.000000e+00 0.000000e+00
P1_roi: 6.452401e+02 0.000000e+00 6.359587e+02 0.000000e+00 0.000000e+00 6.452401e+02 1.941291e+02 0.000000e+00 0.000000e+00 0.000000e+00 1.000000e+00 0.000000e+00
P2: 6.452401e+02 0.000000e+00 6.619587e+02 -3.682632e+02 0.000000e+00 6.452401e+02 2.641291e+02 0.000000e+00 0.000000e+00 0.000000e+00 1.000000e+00 0.000000e+00
P2_roi: 6.452401e+02 0.000000e+00 6.359587e+02 -3.682632e+02 0.000000e+00 6.452401e+02 1.941291e+02 0.000000e+00 0.000000e+00 0.000000e+00 1.000000e+00 0.000000e+00
